157
158
164
165
173
175
177
180
182
183
185
186
187
188
190
192
193
194
195
198
200
206
208
214
217
219
221
222
224
225
226
230
232
239
244
251
252
262
264
265
267
270
274
275
280
291
297
305
306
309
311
312
313
314
315
317
318
319
322
324
327
331
347
348
356
358
369
370
382
384
390
403
406
417
418
443
444
445
460
462
489
490
491
505
506
509
511
513
523
525
527
528
530
534
536
539
576
580
591
592
596
603
609
613
614
616
618
628
630
632
634
635
639
687
693
697
698
705
707
715
721
727
743
744
794
798
805
806
813
823
825
826
831
836
837
838
846
856
860
866
894
912
969
989
1003
1007
1010
1012
1013
1209
1336
1339
1348
1352
1357
1362
1364
1372
1377
1447
1448
1452
1468
1487
1488
1511
1519
1522
1537
1545
1553
1554
1557
1563
1564
1570
1575
1577
1581
1588
1592
1593
1597
1607
1636
1638
1694
1696
1713
1731
1735
1741
1742
1745
1748
1788
1812
1815
1817
1826
1830
1869
1892
1936
1946
1954
1959
2002
2031
2036
2039
2045
2057
2059
2062
2068
2073
2074
2077
2116
2120
2136
2140
2141
2182
2195
2196
2198
2201
2202
2205
2207
2212
2220
2224
2228
2254
2256
2262
2266
2312
2315
2354
2356
2359
2361
2371
2381
2391
2392
2399
2409
2412
2416
2426
2428
2429
2436
2444
2447
2453
2454
2455
2458
2461
2481
2491
2498
2505
2506
2518
2529
2530
2531
2532
2535
2536
2538
2539
2540
2541
2542
2543
2544
2555
2557
2559
2568
2572
2579
2580
2581
2582
2617
2618
2622
2629
2645
2646
2658
2659
2669
2674
2685
2690
2695
2697
2701
2702
2705
2716
2718
2736
2738
2745
2746
2747
2748
2756
2758
2768
2795
2804
2808
2809
2811
2844
2845
2846
2847
2848
2853
2856
2865
2866
2870
2878
2895
2909
2911
2913
2929
2941
2947
2973
2995
3002
3011
3015
3055
3115
3118
3137
3144
3153
3160
3181
3206
3255
3259
3262
3291
3319
3335
3355
3362
3365
3370
3387
3388
3395
3405
3422
3428
3434
3475
3522
3534
3536
3540
3551
3579
3580
3582
3587
3614
3615
3620
3624
3625
3682
3684
3691
3710
3716
3738
3802
3804
3824
3852
3854
3855
3906
3964
3996
4024
4037
4062
4076
4077
4078
4079
4102
4139
4147
4154
4163
4208
4219
4278
4304
4403
4411
4416
4418
4423
4447
4463
4512
4513
4514
4516
4521
4528
4560
4614
4617
4618
4638
4690
4691
4696
4705
4769
4774
4780
4781
4813
5049
5054
5059
5070
5113
5211
5272
5516
5630
5643
5661
5846
6057
6285
6429
6663
6686
6692
6710
6742
6751
6820
7032
7103
7108
7114
7188
7328
7344
7657
7670
7734
8106
8119
8121
8283
8326
8420
8429
8721
9853
9994
10665
